0
50
110
180
260
360
480
620
790
990
1220
1490
1800
2150
2550
3000
3500
4060
4680
5360
6110
6930
7820
8790
9840
10970
12190
13500
14900
16400
18000
19700
21510
23430
25460
27610
29880
32270
34790
37440
40220
43140
46200
49400
52750
56250
59900
63710
67680
71810
76110
80670
85490
90580
95940
101580
107500
113710
120210
127010
134110
141520
149240
157280
165640
174330
183350
192710
202410
212460
222860
233980
245830
258420
271760
285860
300730
316380
332820
350060
368110
386980
406680
427220
448610
470860
493980
517980
542870
568660
595360
623900
654300
686580
720760
756860
794900
834900
876880
920860
966860
1014900
1065000
1117180
1171460
1227860
1286400
1347100
1409980
1475060
1542360
